11 1 1
860 75 1
15 0 4
410 620
410 600
430 600
450 600
470 600
470 620
470 640
60 40
60 60
80 40
80 60
100 40
100 60
120 40
120 60
160 40
160 60
180 40
180 60
200 60
240 60
260 60
280 40
280 60
300 40
300 60
320 40
320 60
380 60
400 40
400 60
420 60
440 60
460 40
460 60
480 40
480 60
500 40
500 60
520 60
540 60
580 60
600 40
600 60
620 40
620 60
640 40
640 60
660 40
660 60
680 40
680 60
700 40
700 60
720 40
720 60
740 40
740 60
780 40
780 60
800 40
800 60
820 40
820 60
60 100
60 120
60 140
60 160
60 180
60 200
60 220
60 240
60 260
60 280
80 100
80 280
120 120
140 160
120 200
140 240
80 180
80 200
100 100
100 280
140 140
120 180
140 220
120 260
100 180
100 200
200 100
220 280
200 120
240 280
200 140
260 280
200 160
200 180
200 200
200 220
200 240
200 260
200 280
320 160
440 160
380 100
400 120
340 200
340 220
320 180
440 180
420 140
360 220
320 200
440 200
380 200
380 220
320 220
440 220
400 200
400 220
320 240
440 240
420 200
420 220
320 260
440 260
320 280
440 280
500 100
520 100
560 100
580 140
540 200
520 180
580 240
500 120
540 100
580 120
580 160
560 220
540 180
580 260
500 140
560 180
580 280
500 160
580 180
500 180
500 200
500 220
500 240
500 260
500 280
720 120
200 485
220 485
660 485
680 485
660 100
0 525
20 525
880 525
720 140
200 505
220 505
660 505
680 505
680 100
0 545
20 545
880 545
720 160
200 525
220 525
660 525
680 525
700 100
0 565
20 565
860 565
880 565
720 180
200 545
220 545
660 545
680 545
720 100
0 585
20 585
860 585
880 585
720 200
200 565
220 565
660 565
680 565
740 100
0 605
20 605
860 605
880 605
720 220
200 585
220 585
660 585
680 585
0 625
20 625
860 625
880 625
720 240
200 605
220 605
660 605
680 605
780 100
0 645
20 645
860 645
880 645
200 625
220 625
660 625
680 625
720 280
200 645
220 645
660 645
680 645
